4
25
33
34
35
38
47
58
61
63
80
89
95
97
160
161
164
165
167
168
170
171
172
173
177
181
184
196
197
212
218
230
242
246
264
266
267
286
297
321
384
385
386
387
390
399
455
456
461
463
464
496
516
532
533
535
553
687
690
691
702
719
858
859
864
866
868
870
885
912
919
993
1004
1018
1025
1033
1039
1041
1044
1047
1053
1054
1058
1061
1063
1064
1065
1068
1070
1071
1072
1090
1091
1094
1095
1102
1113
1114
1118
1346
1407
1415
1416
1417
2005
2008
2015
2016
2018
2020
2021
2023
2026
2027
2028
2030
2032
2033
2036
2038
2044
2046
2047
2048
2051
2053
2063
2135
2142
2304
2413
2582
2588